110,1
110,0
107,5
107,4
107,3
107,2
107,1
107,0
104,3
104,2
104,1
104,0
103,3
103,2
103,1
103,0
102,4
102,3
102,2
102,1
102,0
101,3
101,2
101,1
101,0
78,4
78,3
78,2
78,1
78,0
4,3
4,1
4,0
3,6
3,5
3,4
3,3
3,2
3,1
3,0
2,6
2,5
2,4
2,3
2,2
2,1
2,0
1,3
1,2
1,1
1,0
0,533
0,532
0,531
0,530
0,529
0,528
0,527
0,526
0,525
0,524
0,523
0,522
0,521
0,520
0,519
0,518
0,517
0,516
0,515
0,514
0,513
0,512
0,467
0,466
0,465
0,464
0,463
0,462
0,461
0,460
0,459
0,458
0,457
0,456
0,455
0,454
0,453
0,452
0,451
0,450
0,449
0,448
0,442
0,429
0,428
0,427
0,422
0,408
0,386
0,351
0,350
0,349
0,348
0,346
0,345
0,343
0,342
0,333
0,322
0,314
0,306
0,243
0,9
0,310
0,305
0,308
0,304
0,303
0,302
0,307
0,12
0,329
0,10
0,8
0,0
0,340
0,300
0,440
0,299
0,421
0,298
0,420
0,297
0,419
0,296
0,418
0,295
0,417
0,294
0,416
0,293
0,439
0,292
0,415
0,291
0,414
0,290
0,413
0,289
0,412
0,288
0,407
0,287
0,410
0,286
0,409
0,285
0,447
0,284
0,406
0,283
0,405
0,282
0,404
0,281
0,403
0,280
0,402
0,279
0,401
0,278
0,400
110,2
110,3
111,0
111,1
111,3
112,0
112,2
112,4
112,5
112,7
112,8
112,10
112,12
112,13
112,15
112,16
112,18
112,19
112,21
112,23
112,24
112,26
112,27
112,29
112,31
112,32
112,34
112,35
113,1
113,2
113,4
114,0
114,1
114,3
114,4
115,0
115,2
115,3
115,5
115,6
115,8
115,9
115,11
115,13
115,14
115,16
115,17
115,19
115,21
115,22
115,24
115,25
115,27
115,29
115,30
115,32
115,33
115,35
116,0
116,2
116,4
116,5
116,7
116,8
116,10
116,12
116,13
116,15
116,16
116,18
116,19
117,1
117,3
117,4
117,6
117,7
118,1
118,3
118,4
118,6
118,7
118,9
118,10
118,12
118,14
118,15
118,17
118,18
118,20
120,1
120,2
121,0
121,1
121,3
122,1
122,2
123,0
123,1
123,3
124,0
124,2
125,0
125,1
125,3
125,4
126,1
126,3
126,4
126,6
126,7
126,9
126,10
126,12
126,14
126,15
126,17
126,18
126,20
126,22
126,23
126,25
126,26
126,28
126,29
126,31
126,33
126,34
126,64
126,65
126,67
126,69
126,70
126,72
126,73
126,75
126,76
126,78
126,80
126,81
126,83
126,84
126,86
126,88
126,89
126,91
126,92
126,94
126,96
126,97
126,99
126,100
126,102
126,103
126,105
126,107
126,108
126,110
126,111
126,113
127,0
127,1
127,3
128,0
128,2
128,3
129,1
129,3
129,4
130,1
130,2
130,4
131,1
131,2
131,4
132,0
132,2
132,3
133,1
133,3
133,4
134,1
134,2
134,4
135,1
135,2
135,4
135,5
135,7
135,9
136,0
136,2
136,3
137,1
137,2
137,4
138,1
138,2
138,4
139,0
139,2
139,4
140,0
140,2
140,3
141,1
141,2
141,4
142,1
142,2
143,0
143,1
143,3
143,5
143,6
144,1
144,2
144,4
145,0
145,2
145,4
146,0
146,2
146,3
146,5
147,1
147,2
148,0
148,1
148,3
149,0
149,2
149,4
149,5
149,7
149,8
149,10
149,12
149,13
149,15
149,16
149,18
149,20
149,21
149,23
149,24
149,26
149,27
149,29
149,31
149,32
149,34
149,35
149,65
149,67
149,68
149,70
149,71
149,73
149,74
149,76
149,78
149,79
149,81
149,82
149,84
149,86
149,87
149,89
149,90
149,92
149,93
149,95
149,97
149,98
149,100
149,101
149,103
149,105
149,106
149,108
149,109
149,111
149,113
149,114
149,116
149,117
149,119
149,120
149,122
149,124
149,125
149,127
149,128
149,130
149,132
149,133
149,135
149,136
149,138
149,139
149,141
149,143
149,144
149,146
149,147
149,149
149,151
149,152
149,154
149,155
149,157
149,158
149,160
149,162
149,163
149,165
149,166
149,168
149,170
149,171
149,173
149,174
149,176
149,178
149,179
149,181
149,182
149,184
149,185
149,187
149,189
149,190
149,192
149,193
149,195
149,197
149,198
149,200
149,201
149,203
149,204
149,206
149,208
149,209
149,211
149,212
149,214
149,216
149,217
149,219
149,220
149,222
149,223
149,225
149,227
149,228
149,230
149,231
149,233
149,235
149,236
149,238
149,239
149,241
149,242
149,244
149,246
149,247
149,249
149,250
149,252
149,254
149,255
149,257
149,258
149,260
149,262
149,263
149,265
149,266
149,268
149,269
149,271
149,273
149,274
149,276
149,277
149,279
149,281
149,282
149,284
149,285
149,287
149,288
149,290
149,292
149,293
149,295
149,296
149,298
149,300
149,301
149,303
149,304
149,306
149,307
149,309
149,311
149,312
149,314
149,315
149,317
149,319
150,0
150,2
150,3
151,1
151,3
151,4
152,1
152,2
152,4
152,3
152,0
151,2
151,0
150,1
149,318
149,316
149,313
149,310
149,308
149,305
149,302
149,299
149,297
149,294
149,291
149,289
149,286
149,283
149,280
149,278
149,275
149,272
149,270
149,267
149,264
149,261
149,259
149,256
149,253
149,251
149,248
149,245
149,243
149,240
149,237
149,234
149,232
149,229
149,226
149,224
149,221
149,218
149,215
149,213
149,210
149,207
149,205
149,202
149,199
149,196
149,194
149,191
149,188
149,186
149,183
149,180
149,177
149,175
149,172
149,169
149,167
149,164
149,161
149,159
149,156
149,153
149,150
149,148
149,145
149,142
149,140
149,137
149,134
149,131
149,129
149,126
149,123
149,121
149,118
149,115
149,112
149,110
149,107
149,104
149,102
149,99
149,96
149,94
149,91
149,88
149,85
149,83
149,80
149,77
149,75
149,72
149,69
149,66
149,64
149,33
149,30
149,28
149,25
149,22
149,19
149,17
149,14
149,11
149,9
149,6
149,3
149,1
148,2
147,3
147,0
146,4
146,1
145,3
145,1
144,3
144,0
143,4
143,2
142,3
142,0
141,3
141,0
140,1
139,3
139,1
138,3
138,0
137,3
137,0
136,1
135,8
135,6
135,3
135,0
134,3
134,0
133,2
133,0
132,1
131,3
131,0
130,3
130,0
129,2
129,0
128,1
127,2
126,114
126,112
126,109
126,106
126,104
126,101
126,98
126,95
126,93
126,90
126,87
126,85
126,82
126,79
126,77
126,74
126,71
126,68
126,66
126,35
126,32
126,30
126,27
126,24
126,21
126,19
126,16
126,13
126,11
126,8
126,5
126,2
126,0
125,2
124,3
124,1
123,2
122,3
122,0
121,2
120,3
120,0
118,19
118,16
118,13
118,11
118,8
118,5
118,2
118,0
117,5
117,2
117,0
116,17
116,14
116,11
116,9
116,6
116,3
116,1
115,34
115,31
115,28
115,26
115,23
115,20
115,18
115,15
115,12
115,10
115,7
115,4
115,1
114,5
114,2
113,5
113,3
113,0
112,33
112,30
112,28
112,25
112,22
112,20
112,17
112,14
112,11
112,9
112,6
112,3
112,1
111,2
110,4
0,277
0,399
0,276
0,398
0,275
0,397
0,274
0,396
0,273
0,438
0,272
0,395
0,271
0,394
0,270
0,393
0,269
0,392
0,268
0,391
0,267
0,390
0,266
0,437
0,265
0,389
0,264
0,388
0,263
0,387
0,262
0,261
0,385
0,260
0,384
0,259
0,436
0,258
0,383
0,257
0,382
0,256
0,381
0,255
0,380
0,254
0,379
0,253
0,378
0,252
0,377
0,251
0,376
0,250
0,375
0,249
0,435
0,248
0,374
0,247
0,373
0,246
0,372
0,245
0,371
0,244
0,432
0,242
0,370
0,241
0,369
0,240
0,368
0,239
0,367
0,238
0,366
0,237
0,365
0,236
0,364
0,235
0,431
0,234
0,363
0,233
0,362
0,232
0,361
0,231
0,360
0,230
0,359
0,229
0,358
0,228
0,430
0,227
0,357
0,226
0,356
0,225
0,355
0,224
0,354
0,223
0,353
0,222
0,352
0,221
0,445
0,220
0,446
0,219
0,444
0,218
0,443
0,217
0,347
0,216
0,215
0,214
0,213
0,212
0,434
0,211
0,433
0,210
0,209
0,341
0,208
0,441
0,207
0,339
0,206
0,338
0,205
0,337
0,204
0,426
0,203
0,336
0,202
0,335
0,201
0,334
0,200
0,199
0,425
0,198
0,332
0,197
0,331
0,196
0,330
0,195
0,344
0,194
0,328
0,193
0,327
0,192
0,424
0,63
0,326
0,62
0,325
0,61
0,324
0,60
0,323
0,59
0,321
0,58
0,320
0,57
0,423
0,56
0,319
0,55
0,318
0,54
0,317
0,53
0,316
0,52
0,315
0,51
0,411
0,50
0,313
0,49
0,312
0,48
0,311
0,47
0,309
0,46
0,45
0,301
0,6
0,5
0,1
0,11
0,4
0,2
0,3
0,7
